1 64 0 0
1 0 640 0
10 384 704 0
10 448 704 0
10 512 704 0
10 576 704 0
10 640 704 0
10 704 704 0
10 704 640 0
10 704 576 0
10 704 512 0
10 704 448 0
10 704 384 0
10 704 320 0
10 512 320 0
10 448 320 0
10 384 320 0
10 320 320 0
10 320 512 0
10 320 576 0
10 320 640 0
10 384 640 0
10 448 640 0
10 512 640 0
10 576 640 0
10 640 640 0
10 640 576 0
10 640 512 0
10 640 448 0
10 640 384 0
10 640 320 0
10 576 320 0
10 576 384 0
10 512 384 0
10 448 384 0
10 384 384 0
10 320 384 0
10 320 448 0
10 384 512 0
10 384 576 0
10 576 1024 0
11 768 320 1
11 768 384 1
11 768 448 1
11 768 512 1
11 768 576 1
11 768 640 1
11 768 704 1
11 768 832 1
11 768 896 1
11 768 960 1
11 768 1024 1
4 896 704 1
20 1024 320 1
4 320 704 1
20 320 384 1
