7 64 64 0
7 128 64 0
7 192 64 0
7 256 64 0
7 320 64 0
7 384 64 0
7 448 64 0
7 512 64 0
7 576 64 0
7 640 64 0
7 704 64 0
7 768 64 0
7 832 64 0
7 896 64 0
7 960 64 0
7 1024 64 0
7 1088 64 0
7 1152 64 0
7 1216 64 0
7 1280 64 0
7 1344 64 0
7 1408 64 0
7 1472 64 0
7 64 128 0
7 128 128 0
7 192 128 0
7 256 128 0
7 384 128 0
7 448 128 0
7 512 128 0
7 576 128 0
7 640 128 0
7 704 128 0
7 768 128 0
7 832 128 0
7 896 128 0
7 960 128 0
7 1024 128 0
7 1088 128 0
7 1152 128 0
7 1216 128 0
7 1280 128 0
7 1344 128 0
7 1408 128 0
7 1472 128 0
7 320 128 0
7 64 192 0
7 128 192 0
7 192 192 0
7 256 192 0
7 320 192 0
7 384 192 0
7 576 192 0
7 640 192 0
7 448 192 0
7 512 192 0
7 704 192 0
7 768 192 0
7 832 192 0
7 896 192 0
7 960 192 0
7 1024 192 0
7 1088 192 0
7 1152 192 0
7 1216 192 0
7 1280 192 0
7 1344 192 0
7 1408 192 0
7 1472 192 0
7 64 256 0
7 128 256 0
7 192 256 0
7 256 256 0
7 320 256 0
7 384 256 0
7 448 256 0
7 512 256 0
7 576 256 0
7 640 256 0
7 704 256 0
7 768 256 0
7 832 256 0
7 896 256 0
7 960 256 0
7 1024 256 0
7 1088 256 0
7 1152 256 0
7 1216 256 0
7 1280 256 0
7 1344 256 0
7 1408 256 0
7 1472 256 0
7 64 320 0
7 128 320 0
7 192 320 0
7 320 320 0
7 384 320 0
7 448 320 0
7 512 320 0
7 576 320 0
7 640 320 0
7 704 320 0
7 768 320 0
7 832 320 0
7 896 320 0
7 960 320 0
7 1024 320 0
7 1088 320 0
7 1152 320 0
7 1216 320 0
7 1280 320 0
7 1344 320 0
7 1408 320 0
7 1472 320 0
7 256 320 0
7 64 384 0
7 128 384 0
7 192 384 0
7 256 384 0
7 320 384 0
7 384 384 0
7 448 384 0
7 512 384 0
7 576 384 0
7 640 384 0
7 704 384 0
7 768 384 0
7 832 384 0
7 896 384 0
7 960 384 0
7 1024 384 0
7 1088 384 0
7 1152 384 0
7 1216 384 0
7 1280 384 0
7 1344 384 0
7 1408 384 0
7 1472 384 0
7 64 448 0
7 128 448 0
7 192 448 0
7 320 448 0
7 384 448 0
7 448 448 0
7 512 448 0
7 576 448 0
7 640 448 0
7 704 448 0
7 768 448 0
7 832 448 0
7 896 448 0
7 960 448 0
7 1024 448 0
7 1088 448 0
7 1152 448 0
7 1216 448 0
7 1280 448 0
7 1344 448 0
7 1408 448 0
7 1472 448 0
7 256 448 0
7 64 512 0
7 128 512 0
7 192 512 0
7 512 512 0
7 576 512 0
7 640 512 0
7 704 512 0
7 768 512 0
7 832 512 0
7 896 512 0
7 960 512 0
7 1024 512 0
7 1088 512 0
7 1152 512 0
7 1216 512 0
7 1280 512 0
7 1344 512 0
7 1408 512 0
7 1472 512 0
7 256 512 0
7 320 512 0
7 384 512 0
7 448 512 0
7 64 576 0
7 128 576 0
7 192 576 0
7 256 576 0
7 320 576 0
7 384 576 0
7 448 576 0
7 512 576 0
7 576 576 0
7 640 576 0
7 704 576 0
7 768 576 0
7 832 576 0
7 896 576 0
7 960 576 0
7 1024 576 0
7 1088 576 0
7 1152 576 0
7 1216 576 0
7 1280 576 0
7 1344 576 0
7 1472 576 0
7 1408 576 0
7 64 640 0
7 128 640 0
7 192 640 0
7 256 640 0
7 320 640 0
7 384 640 0
7 448 640 0
7 512 640 0
7 576 640 0
7 640 640 0
7 704 640 0
7 768 640 0
7 832 640 0
7 896 640 0
7 960 640 0
7 1024 640 0
7 1088 640 0
7 1152 640 0
7 1216 640 0
7 1280 640 0
7 1344 640 0
7 1408 640 0
7 1472 640 0
7 64 704 0
7 192 704 0
7 256 704 0
7 320 704 0
7 384 704 0
7 448 704 0
7 512 704 0
7 576 704 0
7 640 704 0
7 704 704 0
7 768 704 0
7 832 704 0
7 896 704 0
7 960 704 0
7 1024 704 0
7 1088 704 0
7 1152 704 0
7 1216 704 0
7 1280 704 0
7 1344 704 0
7 1408 704 0
7 1472 704 0
7 128 704 0
7 64 768 0
7 128 768 0
7 256 768 0
7 320 768 0
7 384 768 0
7 448 768 0
7 512 768 0
7 576 768 0
7 640 768 0
7 704 768 0
7 768 768 0
7 832 768 0
7 896 768 0
7 960 768 0
7 1024 768 0
7 1088 768 0
7 1152 768 0
7 1216 768 0
7 1280 768 0
7 1344 768 0
7 1408 768 0
7 1472 768 0
7 192 768 0
7 64 832 0
7 128 832 0
7 192 832 0
7 256 832 0
7 320 832 0
7 384 832 0
7 448 832 0
7 512 832 0
7 576 832 0
7 640 832 0
7 704 832 0
7 768 832 0
7 832 832 0
7 896 832 0
7 960 832 0
7 1024 832 0
7 1088 832 0
7 1152 832 0
7 1216 832 0
7 1280 832 0
7 1344 832 0
7 1408 832 0
7 1472 832 0
7 64 896 0
7 128 896 0
7 192 896 0
7 256 896 0
7 320 896 0
7 384 896 0
7 448 896 0
7 512 896 0
7 576 896 0
7 640 896 0
7 704 896 0
7 768 896 0
7 832 896 0
7 896 896 0
7 960 896 0
7 1024 896 0
7 1088 896 0
7 1152 896 0
7 1216 896 0
7 1280 896 0
7 1344 896 0
7 1408 896 0
7 1472 896 0
7 64 960 0
7 128 960 0
7 192 960 0
7 256 960 0
7 320 960 0
7 384 960 0
7 448 960 0
7 512 960 0
7 576 960 0
7 640 960 0
7 704 960 0
7 768 960 0
7 832 960 0
7 896 960 0
7 960 960 0
7 1024 960 0
7 1088 960 0
7 1152 960 0
7 1216 960 0
7 1280 960 0
7 1344 960 0
7 1408 960 0
7 1472 960 0
7 64 1024 0
7 128 1024 0
7 192 1024 0
7 256 1024 0
7 320 1024 0
7 384 1024 0
7 448 1024 0
7 512 1024 0
7 576 1024 0
7 640 1024 0
7 704 1024 0
7 768 1024 0
7 832 1024 0
7 896 1024 0
7 960 1024 0
7 1024 1024 0
7 1088 1024 0
7 1152 1024 0
7 1216 1024 0
7 1280 1024 0
7 1344 1024 0
7 1408 1024 0
7 1472 1024 0
7 64 1088 0
7 192 1088 0
7 320 1088 0
7 448 1088 0
7 576 1088 0
7 640 1088 0
7 704 1088 0
7 768 1088 0
7 832 1088 0
7 896 1088 0
7 960 1088 0
7 1024 1088 0
7 1088 1088 0
7 1152 1088 0
7 1216 1088 0
7 1280 1088 0
7 1344 1088 0
7 1408 1088 0
7 1472 1088 0
7 512 1088 0
7 384 1088 0
7 256 1088 0
7 128 1088 0
7 64 1152 0
7 128 1152 0
7 192 1152 0
7 320 1152 0
7 384 1152 0
7 448 1152 0
7 512 1152 0
7 576 1152 0
7 640 1152 0
7 704 1152 0
7 768 1152 0
7 832 1152 0
7 896 1152 0
7 960 1152 0
7 1024 1152 0
7 1088 1152 0
7 1152 1152 0
7 1216 1152 0
7 1280 1152 0
7 1472 1152 0
7 256 1152 0
7 128 1216 0
7 256 1216 0
7 320 1216 0
7 448 1216 0
7 512 1216 0
7 640 1216 0
7 704 1216 0
7 768 1216 0
7 896 1216 0
7 1024 1216 0
7 384 1216 0
7 64 0 0
7 1536 64 0
7 1536 128 0
7 1536 192 0
7 1536 256 0
7 1536 320 0
7 1536 384 0
7 1536 448 0
7 1536 512 0
7 1536 576 0
7 1536 640 0
7 1536 704 0
7 1536 768 0
7 1536 832 0
7 1536 896 0
7 1536 960 0
7 1536 1024 0
7 1536 1088 0
7 1536 1152 0
7 1536 1216 0
7 1536 1280 0
7 1536 1344 0
7 1536 1408 0
7 1536 1472 0
7 1536 1536 0
7 1536 1600 0
7 1536 1664 0
7 1536 1728 0
7 1536 1792 0
7 1536 1856 0
7 1536 1920 0
7 1536 1984 0
7 1536 2048 0
7 1600 2112 0
7 1600 2176 0
7 1600 64 0
7 1600 128 0
7 1600 192 0
7 1600 256 0
7 1600 320 0
7 1600 384 0
7 1600 448 0
7 1600 512 0
7 1600 576 0
7 1600 640 0
7 1600 704 0
7 1600 768 0
7 1600 832 0
7 1600 896 0
7 1600 960 0
7 1600 1024 0
7 1600 1088 0
7 1600 1152 0
7 1600 1216 0
7 1600 1280 0
7 1600 1344 0
7 1600 1408 0
7 1600 1472 0
7 1600 1536 0
7 1600 1600 0
7 1600 1664 0
7 1600 1728 0
7 1600 1792 0
7 1600 1856 0
7 1600 1920 0
7 1600 1984 0
7 1600 2048 0
7 1664 2304 0
7 1664 2240 0
7 1664 2176 0
7 1664 2112 0
7 1664 2048 0
7 1664 1984 0
7 1664 1920 0
7 1664 1856 0
7 1664 1792 0
7 1664 1728 0
7 1664 1664 0
7 1664 1600 0
7 1664 1536 0
7 1664 1472 0
7 1664 1408 0
7 1664 1344 0
7 1664 1280 0
7 1664 1216 0
7 1664 1152 0
7 1664 1088 0
7 1664 1024 0
7 1664 960 0
7 1664 896 0
7 1664 832 0
7 1664 768 0
7 1664 704 0
7 1664 640 0
7 1664 576 0
7 1664 512 0
7 1664 448 0
7 1664 384 0
7 1664 320 0
7 1664 256 0
7 1664 192 0
7 1664 128 0
7 1664 64 0
7 1728 2176 0
7 1728 1984 0
7 1728 1856 0
7 1728 1792 0
7 1728 1664 0
7 1728 1472 0
7 1728 1344 0
7 1728 384 0
7 1728 320 0
7 1728 256 0
7 1728 192 0
7 1728 128 0
7 1728 64 0
7 1728 448 0
7 1728 512 0
7 1728 576 0
7 1728 640 0
7 1728 704 0
7 1728 768 0
7 1728 832 0
7 1728 896 0
7 1728 960 0
7 1728 1024 0
7 1728 1088 0
7 1728 1152 0
7 1728 1216 0
7 1728 1280 0
7 1728 1408 0
7 1728 1536 0
7 1728 1600 0
7 1728 1728 0
7 1728 1920 0
7 1728 2048 0
7 1728 2112 0
7 1728 2240 0
7 1728 2304 0
7 1792 2368 0
7 1792 2304 0
7 1792 2240 0
7 1792 2176 0
7 1792 2112 0
7 1792 2048 0
7 1792 1984 0
7 1792 1920 0
7 1792 1856 0
7 1792 1792 0
7 1792 1728 0
7 1792 1664 0
7 1792 1600 0
7 1792 1536 0
7 1792 1472 0
7 1792 1408 0
7 1792 1344 0
7 1792 1280 0
7 1792 1216 0
7 1792 1152 0
7 1792 1088 0
7 1792 1024 0
7 1792 960 0
7 1792 896 0
7 1792 832 0
7 1792 768 0
7 1792 704 0
7 1792 640 0
7 1792 576 0
7 1792 512 0
7 1792 448 0
7 1792 384 0
7 1792 320 0
7 1792 256 0
7 1792 192 0
7 1792 128 0
7 1792 64 0
7 1856 2368 0
7 1856 2304 0
7 1856 2176 0
7 1856 2112 0
7 1856 2048 0
7 1856 1984 0
7 1856 1920 0
7 1856 1856 0
7 1856 1792 0
7 1856 1728 0
7 1856 1664 0
7 1856 1600 0
7 1856 1536 0
7 1856 832 0
7 1856 768 0
7 1856 704 0
7 1856 640 0
7 1856 576 0
7 1856 512 0
7 1856 448 0
7 1856 384 0
7 1856 320 0
7 1856 256 0
7 1856 192 0
7 1856 128 0
7 1856 64 0
7 1920 2368 0
7 1920 2304 0
7 1920 2240 0
7 1920 2176 0
7 1856 1472 0
7 1856 1408 0
7 1856 1344 0
7 1856 1280 0
7 1856 1216 0
7 1856 1152 0
7 1856 1088 0
7 1856 1024 0
7 1856 960 0
7 1856 896 0
7 1920 2112 0
7 1920 2048 0
7 1920 1984 0
7 1920 1920 0
7 1920 1856 0
7 1920 1792 0
7 1920 1728 0
7 1920 1664 0
7 1920 1600 0
7 1920 1536 0
7 1920 1472 0
7 1920 1408 0
7 1920 1344 0
7 1920 1280 0
7 1920 1216 0
7 1920 1152 0
7 1920 1088 0
7 1920 1024 0
7 1920 960 0
7 1920 896 0
7 1920 832 0
7 1920 768 0
7 1920 704 0
7 1920 640 0
7 1920 576 0
7 1920 512 0
7 1920 448 0
7 1920 384 0
7 1920 320 0
7 1920 256 0
7 1920 192 0
7 1920 128 0
7 1920 64 0
7 1984 2368 0
7 1984 2304 0
7 1984 2240 0
7 1984 2176 0
7 1984 2112 0
7 1984 2048 0
7 1984 1984 0
7 1984 1920 0
7 1984 1856 0
7 1984 1792 0
7 1984 1728 0
7 1984 1664 0
7 1984 1600 0
7 1984 1536 0
7 1984 1472 0
7 1984 1408 0
7 1984 1344 0
7 1984 1280 0
7 1984 1216 0
7 1984 1152 0
7 1984 1088 0
7 1984 1024 0
7 1984 960 0
7 1984 896 0
7 1984 832 0
7 1984 768 0
7 1984 704 0
7 1984 640 0
7 1984 576 0
7 1984 512 0
7 1984 448 0
7 1984 384 0
7 1984 320 0
7 1984 256 0
7 1984 192 0
7 1984 128 0
7 1984 64 0
7 2048 2304 0
7 2048 2240 0
7 2048 2176 0
7 2048 2112 0
7 2048 2048 0
7 2048 1984 0
7 2048 1920 0
7 2048 768 0
7 2048 704 0
7 2048 640 0
7 2048 576 0
7 2048 512 0
7 2048 448 0
7 2048 384 0
7 2048 320 0
7 2048 256 0
7 2048 192 0
7 2048 128 0
7 2048 64 0
7 2048 1856 0
7 2048 1792 0
7 2048 1728 0
7 2048 1664 0
7 2048 1600 0
7 2048 1536 0
7 2048 1472 0
7 2048 1408 0
7 2048 1344 0
7 2048 1280 0
7 2048 1216 0
7 2048 1152 0
7 2048 1088 0
7 2048 1024 0
7 2048 960 0
7 2048 896 0
7 2048 832 0
7 2112 2304 0
7 2112 2240 0
7 2112 2176 0
7 2112 2112 0
7 2112 2048 0
7 2112 1920 0
7 2112 1856 0
7 2112 1792 0
7 2112 1728 0
7 2112 1664 0
7 2112 1600 0
7 2112 1536 0
7 2112 1472 0
7 2112 1408 0
7 2112 1344 0
7 2112 1280 0
7 2112 1216 0
7 2112 1152 0
7 2112 1088 0
7 2112 1024 0
7 2112 960 0
7 2112 896 0
7 2112 832 0
7 2112 768 0
7 2112 704 0
7 2112 640 0
7 2112 576 0
7 2112 512 0
7 2112 448 0
7 2112 384 0
7 2112 320 0
7 2112 256 0
7 2112 192 0
7 2112 128 0
7 2112 64 0
7 2176 2304 0
7 2176 2240 0
7 2176 2176 0
7 2176 2112 0
7 2176 2048 0
7 2176 1984 0
7 2176 1920 0
7 2176 1856 0
7 2176 1792 0
7 2176 1728 0
7 2176 1664 0
7 2176 1600 0
7 2176 1536 0
7 2176 1472 0
7 2176 1408 0
7 2176 1344 0
7 2176 1280 0
7 2176 1216 0
7 2176 1152 0
7 2176 1088 0
7 2176 1024 0
7 2176 960 0
7 2176 896 0
7 2176 832 0
7 2176 768 0
7 2176 704 0
7 2176 640 0
7 2176 576 0
7 2176 512 0
7 2176 448 0
7 2176 384 0
7 2176 320 0
7 2176 256 0
7 2176 192 0
7 2176 128 0
7 2176 64 0
7 2240 2304 0
7 2240 2240 0
7 2240 2176 0
7 2240 2112 0
7 2304 512 0
7 2304 448 0
7 2304 384 0
7 2304 320 0
7 2304 256 0
7 2304 192 0
7 2304 128 0
7 2304 64 0
7 2240 64 0
7 2240 128 0
7 2240 192 0
7 2240 256 0
7 2240 320 0
7 2240 384 0
7 2240 448 0
7 2240 512 0
7 2240 576 0
7 2240 640 0
7 2240 704 0
7 2240 768 0
7 2240 832 0
7 2240 896 0
7 2240 1024 0
7 2240 1152 0
7 2240 1344 0
7 2240 1984 0
7 2240 2048 0
7 2304 2304 0
7 2304 2240 0
7 2304 2176 0
7 2304 2112 0
7 2304 2048 0
7 2304 1984 0
7 2304 1920 0
7 2304 1856 0
7 2304 1600 0
7 2304 1536 0
7 2304 1472 0
7 2304 1408 0
7 2304 1344 0
7 2304 1280 0
7 2304 1216 0
7 2304 1152 0
7 2304 1088 0
7 2304 1024 0
7 2304 960 0
7 2304 768 0
7 2304 576 0
7 2304 640 0
7 2304 704 0
7 2304 832 0
7 2304 896 0
7 2240 960 0
7 2240 1088 0
7 2240 1216 0
7 2240 1280 0
7 2240 1408 0
7 2240 1472 0
7 2240 1536 0
7 2240 1600 0
7 2240 1664 0
7 2240 1728 0
7 2240 1792 0
7 2240 1856 0
7 2240 1920 0
7 2304 1792 0
7 2304 1664 0
7 2368 2304 0
7 2368 2240 0
7 2368 2176 0
7 2368 2112 0
7 2368 2048 0
7 2368 1984 0
7 2368 1920 0
7 2368 1856 0
7 2368 1792 0
7 2368 1728 0
7 2368 1664 0
7 2368 1600 0
7 2368 1536 0
7 2368 1472 0
7 2368 1408 0
7 2368 1344 0
7 2368 1280 0
7 2368 1216 0
7 2368 1152 0
7 2368 1088 0
7 2368 1024 0
7 2368 960 0
7 2368 896 0
7 2368 832 0
7 2368 768 0
7 2368 704 0
7 2368 640 0
7 2368 576 0
7 2368 512 0
7 2368 448 0
7 2432 2304 0
7 2432 2240 0
7 2432 2176 0
7 2432 2112 0
7 2432 2048 0
7 2432 1984 0
7 2432 1920 0
7 2432 1792 0
7 2432 1728 0
7 2432 1664 0
7 2432 1600 0
7 2432 1472 0
7 2432 1408 0
7 2432 1344 0
7 2432 1280 0
7 2432 1216 0
7 2368 384 0
7 2368 320 0
7 2368 256 0
7 2368 192 0
7 2368 128 0
7 2368 64 0
7 2496 64 0
7 2496 128 0
7 2496 192 0
7 2496 256 0
7 2496 320 0
7 2496 384 0
7 2496 448 0
7 2432 448 0
7 2432 384 0
7 2432 320 0
7 2432 256 0
7 2432 192 0
7 2432 128 0
7 2432 64 0
7 2432 1856 0
7 2496 2304 0
7 2496 2240 0
7 2496 2176 0
7 2560 1728 0
7 2560 1664 0
7 2560 1600 0
7 2560 1536 0
7 2560 1472 0
7 2560 1408 0
7 2624 1280 0
7 2624 1216 0
7 2624 1152 0
7 2624 1088 0
7 2624 1024 0
7 2496 2112 0
7 2496 2048 0
7 2496 1984 0
7 2496 1920 0
7 2496 1856 0
7 2496 1792 0
7 2432 1152 0
7 2432 1088 0
7 2432 1024 0
7 2432 960 0
7 2432 896 0
7 2432 832 0
7 2432 768 0
7 2432 704 0
7 2432 640 0
7 2432 576 0
7 2432 512 0
7 2496 512 0
7 2496 576 0
7 2496 640 0
7 2496 704 0
7 2496 768 0
7 2496 832 0
7 2496 896 0
7 2496 960 0
7 2496 1024 0
7 2496 1088 0
7 2496 1152 0
7 2496 1216 0
7 2496 1280 0
7 2496 1344 0
7 2496 1408 0
7 2496 1472 0
7 2496 1536 0
7 2496 1600 0
7 2496 1664 0
7 2496 1728 0
7 2560 1792 0
7 2560 1856 0
7 2560 1920 0
7 2624 2240 0
7 2688 2304 0
7 2624 2304 0
7 2560 2304 0
7 2560 2240 0
7 2560 2176 0
7 2560 2112 0
7 2560 1984 0
7 2560 2048 0
7 2688 2240 0
7 2688 2176 0
7 2688 2112 0
7 2688 1280 0
7 2688 1344 0
7 2688 1408 0
7 2688 1472 0
7 2688 1536 0
7 2688 1600 0
7 2688 1664 0
7 2688 1728 0
7 2688 1792 0
7 2688 1856 0
7 2688 1920 0
7 2688 1984 0
7 2688 2048 0
7 2624 2176 0
7 2624 2112 0
7 2624 2048 0
7 2624 1984 0
7 2624 1920 0
7 2624 1856 0
7 2624 1792 0
7 2624 1728 0
7 2624 1664 0
7 2624 1600 0
7 2624 1536 0
7 2624 1472 0
7 2624 1408 0
7 2624 1344 0
7 2560 1344 0
7 2560 1280 0
7 2560 1216 0
7 2560 1152 0
7 2560 1088 0
7 2560 1024 0
7 2560 960 0
7 2560 896 0
7 2560 832 0
7 2560 768 0
7 2560 704 0
7 2560 640 0
7 2560 576 0
7 2560 512 0
7 2560 448 0
7 2560 384 0
7 2560 320 0
7 2560 256 0
7 2560 192 0
7 2560 128 0
7 2560 64 0
7 2688 1152 0
7 2688 1088 0
7 2688 1024 0
7 2688 960 0
7 2688 896 0
7 2688 832 0
7 2688 768 0
7 2688 704 0
7 2688 640 0
7 2688 576 0
7 2688 512 0
7 2688 448 0
7 2688 384 0
7 2688 320 0
7 2688 256 0
7 2688 192 0
7 2688 128 0
7 2688 64 0
7 2624 960 0
7 2624 896 0
7 2624 832 0
7 2624 768 0
7 2624 704 0
7 2624 640 0
7 2624 576 0
7 2624 512 0
7 2624 448 0
7 2624 384 0
7 2624 320 0
7 2624 256 0
7 2624 192 0
7 2624 128 0
7 2624 64 0
7 1728 2432 0
7 1792 2432 0
7 1856 2432 0
7 1920 2432 0
7 1984 2432 0
7 2048 2368 0
7 2112 2368 0
7 2176 2368 0
7 2240 2368 0
7 2304 2368 0
7 2368 2368 0
7 2432 2368 0
7 2496 2368 0
7 2560 2368 0
7 2624 2368 0
7 2688 2368 0
7 2752 2368 0
7 2880 2368 0
7 2944 2368 0
7 3072 2368 0
7 3008 2368 0
7 2816 2432 0
7 2048 2432 0
7 2112 2432 0
7 2176 2432 0
7 2240 2432 0
7 2304 2432 0
7 2368 2432 0
7 2432 2432 0
7 2496 2432 0
7 2560 2432 0
7 2624 2432 0
7 2688 2432 0
7 2752 2432 0
7 2880 2432 0
7 2944 2432 0
7 3008 2432 0
7 3072 2432 0
7 3136 2432 0
7 3200 2432 0
7 3264 2432 0
7 3328 2432 0
7 3392 2432 0
7 3456 2432 0
7 2752 2304 0
7 2752 2240 0
7 2752 2176 0
7 2752 2112 0
7 2752 2048 0
7 2752 1984 0
7 2752 1920 0
7 2752 1856 0
7 2752 1792 0
7 2816 1728 0
7 2816 1664 0
7 2816 1600 0
7 2816 1536 0
7 2816 1472 0
7 2816 1408 0
7 2816 1344 0
7 2816 1280 0
7 2816 1216 0
7 2816 1152 0
7 2816 1088 0
7 2816 1024 0
7 2752 960 0
7 2752 896 0
7 2752 832 0
7 2752 768 0
7 2752 704 0
7 2752 640 0
7 2752 576 0
7 2752 512 0
7 2752 448 0
7 2752 384 0
7 2752 320 0
7 2752 256 0
7 2752 192 0
7 2752 128 0
7 2752 64 0
7 2752 1728 0
7 2752 1664 0
7 2752 1600 0
7 2752 1536 0
7 2752 1472 0
7 2752 1408 0
7 2752 1344 0
7 2752 1280 0
7 2752 1216 0
7 2752 1152 0
7 2752 1088 0
7 2752 1024 0
7 2816 2368 0
7 2816 2304 0
7 2816 2240 0
7 2816 2176 0
7 2816 2112 0
7 2816 2048 0
7 2816 1984 0
7 2816 1920 0
7 2816 1856 0
7 2816 1792 0
7 2880 2304 0
7 2880 2240 0
7 2880 2176 0
7 2880 2112 0
7 2880 2048 0
7 2880 1984 0
7 2880 1920 0
7 2880 1856 0
7 3072 2304 0
7 2944 2304 0
7 3008 2304 0
7 3072 2240 0
7 3072 2176 0
7 3072 2112 0
7 3072 2048 0
7 3072 1984 0
7 3072 1920 0
7 3072 1856 0
7 3072 1792 0
7 3072 1728 0
7 3072 1664 0
7 3072 1600 0
7 3008 2240 0
7 2944 2240 0
7 3008 1792 0
7 3008 1856 0
7 3008 1920 0
7 3008 1984 0
7 3008 2048 0
7 3008 2112 0
7 3008 2176 0
7 2944 2176 0
7 2944 2112 0
7 2944 2048 0
7 2944 1984 0
7 2944 1920 0
7 2944 1856 0
7 2944 1792 0
7 2944 1728 0
7 2944 1664 0
7 2944 1600 0
7 2944 1536 0
7 2944 1472 0
7 2944 1408 0
7 2944 1344 0
7 2944 1280 0
7 2944 1216 0
7 2944 1152 0
7 2944 1088 0
7 2944 1024 0
7 2880 1344 0
7 2880 1792 0
7 2880 1728 0
7 2880 1664 0
7 2880 1600 0
7 2880 1536 0
7 2880 1472 0
7 2880 1408 0
7 2880 1280 0
7 2880 1216 0
7 2880 1152 0
7 2880 1088 0
7 2880 1024 0
7 2880 896 0
7 2880 832 0
7 2880 768 0
7 2880 704 0
7 2880 640 0
7 2880 576 0
7 2880 512 0
7 2880 448 0
7 2880 384 0
7 2880 320 0
7 2880 256 0
7 2880 192 0
7 3008 1728 0
7 3008 1664 0
7 3008 1600 0
7 3008 1536 0
7 3008 1472 0
7 3008 1408 0
7 3008 1344 0
7 3008 1280 0
7 3008 1216 0
7 3008 1152 0
7 3008 1088 0
7 3008 1024 0
7 3008 960 0
7 3008 896 0
7 3008 832 0
7 3008 768 0
7 3008 704 0
7 3008 640 0
7 3008 576 0
7 3008 512 0
7 3008 448 0
7 3008 384 0
7 3008 320 0
7 3008 256 0
7 3008 192 0
7 3008 128 0
7 3008 0 0
7 2944 960 0
7 2944 896 0
7 2944 832 0
7 2944 768 0
7 2944 704 0
7 2944 512 0
7 2944 448 0
7 2944 384 0
7 2944 320 0
7 2944 256 0
7 2944 192 0
7 2944 128 0
7 2944 64 0
7 2944 576 0
7 2944 640 0
7 2816 960 0
7 2816 896 0
7 2816 832 0
7 2816 768 0
7 2816 704 0
7 2816 640 0
7 2816 576 0
7 2816 512 0
7 2816 448 0
7 2816 384 0
7 2816 320 0
7 2816 256 0
7 2816 192 0
7 2816 128 0
7 2816 64 0
7 2880 64 0
7 2880 128 0
7 3136 2368 0
7 3136 2304 0
7 3136 2240 0
7 3136 2176 0
7 3136 2112 0
7 3136 2048 0
7 3136 1984 0
7 3136 1920 0
7 3136 1856 0
7 3136 1792 0
7 3136 1728 0
7 3136 1664 0
7 3136 1600 0
7 3136 1536 0
7 3136 1472 0
7 3136 1408 0
7 3136 1344 0
7 3136 1280 0
7 3136 1216 0
7 3136 1152 0
7 3136 1088 0
7 3136 1024 0
7 3136 960 0
7 3136 896 0
7 3136 832 0
7 3136 768 0
7 3136 704 0
7 3136 640 0
7 3136 576 0
7 3136 512 0
7 3136 448 0
7 3136 384 0
7 3136 320 0
7 3136 256 0
7 3136 192 0
7 3136 128 0
7 3072 1536 0
7 3072 1472 0
7 3072 1408 0
7 3072 1344 0
7 3072 1152 0
7 3072 1088 0
7 3072 1024 0
7 3072 960 0
7 3072 896 0
7 3072 832 0
7 3072 768 0
7 3072 704 0
7 3072 640 0
7 3072 576 0
7 3072 512 0
7 3072 448 0
7 3072 384 0
7 3072 320 0
7 3072 256 0
7 3072 192 0
7 3072 128 0
7 3072 1280 0
7 3072 1216 0
7 3200 576 0
7 3200 640 0
7 3200 704 0
7 3200 768 0
7 3200 832 0
7 3200 896 0
7 3200 960 0
7 3200 1024 0
7 3200 1088 0
7 3200 1152 0
7 3200 1216 0
7 3200 1280 0
7 3200 1344 0
7 3200 1408 0
7 3200 1472 0
7 3200 1536 0
7 3200 1600 0
7 3200 1664 0
7 3200 1728 0
7 3200 1792 0
7 3200 1856 0
7 3200 1920 0
7 3200 1984 0
7 3200 2048 0
7 3200 2112 0
7 3200 2176 0
7 3200 2240 0
7 3200 2304 0
7 3200 2368 0
7 3264 2368 0
7 3264 2304 0
7 3264 2240 0
7 3264 2176 0
7 3264 2112 0
7 3264 2048 0
7 3264 1984 0
7 3264 1920 0
7 3264 1856 0
7 3264 1792 0
7 3264 1728 0
7 3264 1664 0
7 3264 1600 0
7 3264 1536 0
7 3264 1472 0
7 3264 1408 0
7 3264 1344 0
7 3264 1280 0
7 3264 1216 0
7 3264 1152 0
7 3264 1088 0
7 3264 1024 0
7 3264 960 0
7 3264 896 0
7 3264 832 0
7 3264 768 0
7 3264 704 0
7 3200 512 0
7 3200 448 0
7 3200 384 0
7 3200 320 0
7 3200 256 0
7 3200 192 0
7 3200 128 0
7 3200 64 0
7 3264 64 0
7 3264 128 0
7 3264 192 0
7 3264 256 0
7 3264 320 0
7 3264 384 0
7 3264 448 0
7 3264 512 0
7 3264 576 0
7 3264 640 0
7 3328 2368 0
7 3328 2304 0
7 3328 2240 0
7 3328 2176 0
7 3328 2112 0
7 3328 2048 0
7 3328 1984 0
7 3328 1920 0
7 3328 1856 0
7 3328 1792 0
7 3328 1728 0
7 3328 1664 0
7 3328 1600 0
7 3328 1536 0
7 3328 1472 0
7 3328 1408 0
7 3328 1344 0
7 3328 1280 0
7 3328 1216 0
7 3328 1152 0
7 3328 1088 0
7 3328 1024 0
7 3328 960 0
7 3328 896 0
7 3328 832 0
7 3328 768 0
7 3328 704 0
7 3328 640 0
7 3328 576 0
7 3328 512 0
7 3328 448 0
7 3328 384 0
7 3328 320 0
7 3328 256 0
7 3328 192 0
7 3328 128 0
7 3328 64 0
7 3392 2368 0
7 3392 2304 0
7 3392 2240 0
7 3392 2176 0
7 3392 2112 0
7 3392 2048 0
7 3392 1984 0
7 3392 1920 0
7 3392 1856 0
7 3392 1792 0
7 3392 1728 0
7 3392 1664 0
7 3392 1600 0
7 3392 1536 0
7 3392 1472 0
7 3392 1408 0
7 3392 1344 0
7 3392 1280 0
7 3392 1216 0
7 3392 1152 0
7 3392 1088 0
7 3392 1024 0
7 3392 960 0
7 3392 896 0
7 3392 832 0
7 3392 768 0
7 3392 704 0
7 3392 640 0
7 3392 576 0
7 3392 512 0
7 3392 448 0
7 3392 384 0
7 3392 320 0
7 3392 256 0
7 3392 192 0
7 3392 128 0
7 3392 64 0
7 3456 2368 0
7 3456 2240 0
7 3456 2176 0
7 3456 2112 0
7 3456 2048 0
7 3456 1984 0
7 3456 1920 0
7 3456 1856 0
7 3456 1792 0
7 3456 1728 0
7 3456 1664 0
7 3456 1472 0
7 3456 1280 0
7 3456 1216 0
7 3456 1152 0
7 3456 1088 0
7 3456 1024 0
7 3456 960 0
7 3456 896 0
7 3456 704 0
7 3456 640 0
7 3456 576 0
7 3456 512 0
7 3456 384 0
7 3456 320 0
7 3456 256 0
7 3456 192 0
7 3456 128 0
7 3456 64 0
7 3520 64 0
7 3712 64 0
7 3712 128 0
7 3712 192 0
7 3712 256 0
7 3712 320 0
7 3712 384 0
7 3712 448 0
7 3712 512 0
7 3712 576 0
7 3712 640 0
7 3712 704 0
7 3712 768 0
7 3712 832 0
7 3712 896 0
7 3712 960 0
7 3712 1024 0
7 3712 1088 0
7 3712 1152 0
7 3712 1216 0
7 3712 1280 0
7 3712 1344 0
7 3712 1408 0
7 3712 1472 0
7 3712 1536 0
7 3712 1600 0
7 3712 1664 0
7 3712 1792 0
7 3712 1856 0
7 3712 1920 0
7 3712 1984 0
7 3712 2048 0
7 3712 2112 0
7 3712 2176 0
7 3712 2240 0
7 3712 2304 0
7 3712 2368 0
7 3648 2368 0
7 3520 2368 0
7 3584 2368 0
7 3648 2304 0
7 3584 2304 0
7 3456 2304 0
7 3520 2304 0
7 3648 2240 0
7 3648 2176 0
7 3584 2240 0
7 3520 2240 0
7 3520 2176 0
7 3648 2112 0
7 3584 2176 0
7 3584 2112 0
7 3520 2112 0
7 3648 2048 0
7 3584 2048 0
7 3520 2048 0
7 3648 1920 0
7 3648 1984 0
7 3584 1984 0
7 3520 1984 0
7 3520 1920 0
7 3648 1856 0
7 3584 1920 0
7 3584 1856 0
7 3520 1856 0
7 3712 1728 0
7 3648 1728 0
7 3648 1792 0
7 3584 1792 0
7 3520 1792 0
7 3520 1728 0
7 3520 1664 0
7 3520 1600 0
7 3648 1600 0
7 3648 1664 0
7 3584 1728 0
7 3584 1664 0
7 3584 1600 0
7 3648 1472 0
7 3648 1536 0
7 3584 1536 0
7 3648 1280 0
7 3648 1344 0
7 3648 1408 0
7 3520 1472 0
7 3584 1472 0
7 3520 1536 0
7 3456 1600 0
7 3456 1536 0
7 3456 1408 0
7 3456 1344 0
7 3584 1280 0
7 3584 1344 0
7 3584 1408 0
7 3520 1408 0
7 3520 1344 0
7 3520 1280 0
7 3520 1216 0
7 3648 1216 0
7 3584 1216 0
7 3648 1088 0
7 3648 1152 0
7 3584 1152 0
7 3584 1088 0
7 3648 960 0
7 3648 1024 0
7 3584 1024 0
7 3520 1152 0
7 3520 1088 0
7 3520 1024 0
7 3648 704 0
7 3648 896 0
7 3584 960 0
7 3584 832 0
7 3584 768 0
7 3648 768 0
7 3648 832 0
7 3584 896 0
7 3520 960 0
7 3520 896 0
7 3456 832 0
7 3456 768 0
7 3520 576 0
7 3520 512 0
7 3648 640 0
7 3648 576 0
7 3648 512 0
7 3648 384 0
7 3648 448 0
7 3584 640 0
7 3584 704 0
7 3520 832 0
7 3520 768 0
7 3520 704 0
7 3520 640 0
7 3584 576 0
7 3584 512 0
7 3584 448 0
7 3648 320 0
7 3648 256 0
7 3648 192 0
7 3648 128 0
7 3648 64 0
7 3520 128 0
7 3520 192 0
7 3520 256 0
7 3520 320 0
7 3584 64 0
7 3584 128 0
7 3520 448 0
7 3584 384 0
7 3584 192 0
7 3584 256 0
7 3584 320 0
7 3520 384 0
7 3456 448 0
7 2880 960 0
7 2688 1216 0
7 2432 1536 0
7 2304 1728 0
7 2112 1984 0
7 1856 2240 0
7 1728 2368 0
7 1664 2432 0
7 3520 2432 0
7 3584 2432 0
7 3648 2432 0
7 3712 2432 0
7 3712 2496 0
7 3648 2496 0
7 3584 2496 0
7 3520 2496 0
7 3456 2496 0
7 3392 2496 0
7 3328 2496 0
7 3264 2496 0
7 3200 2496 0
7 3136 2496 0
7 3072 2496 0
7 3008 2496 0
7 2944 2496 0
7 2880 2496 0
7 2816 2496 0
7 2752 2496 0
7 2688 2496 0
7 2624 2496 0
7 2560 2496 0
7 2496 2496 0
7 2432 2496 0
7 2368 2496 0
7 2304 2496 0
7 2240 2496 0
7 2176 2496 0
7 2112 2496 0
7 2048 2496 0
7 1984 2496 0
7 1920 2496 0
7 1856 2496 0
7 1792 2496 0
7 1728 2496 0
7 1664 2496 0
7 1600 2496 0
7 1536 2496 0
7 1472 2496 0
7 1408 2496 0
7 1344 2496 0
7 1280 2496 0
7 1216 2496 0
7 1152 2496 0
7 1088 2496 0
7 1024 2496 0
7 960 2496 0
7 896 2496 0
7 832 2496 0
7 768 2496 0
7 704 2496 0
7 640 2496 0
7 576 2496 0
7 512 2496 0
7 448 2496 0
7 384 2496 0
7 64 2432 0
7 320 2496 0
7 256 2496 0
7 192 2496 0
7 128 2496 0
7 128 2432 0
7 64 2496 0
7 0 2496 0
7 0 2432 0
7 0 2368 0
7 0 2304 0
7 0 2112 0
7 0 2048 0
7 0 1984 0
7 0 1856 0
7 0 1792 0
7 0 1728 0
7 832 2368 0
7 1152 2368 0
7 1216 2368 0
7 1344 2368 0
7 1536 2368 0
7 1600 2368 0
7 1664 2368 0
7 1600 2432 0
7 1536 2432 0
7 1472 2432 0
7 768 2432 0
7 576 2432 0
7 192 2432 0
7 256 2432 0
7 320 2432 0
7 384 2432 0
7 448 2432 0
7 512 2432 0
7 640 2432 0
7 704 2432 0
7 832 2432 0
7 896 2432 0
7 960 2432 0
7 1024 2432 0
7 1088 2432 0
7 1152 2432 0
7 1216 2432 0
7 1280 2432 0
7 1344 2432 0
7 1600 2304 0
7 1600 2240 0
7 1536 2112 0
7 1536 2176 0
7 1536 2304 0
7 1536 2240 0
7 1408 1984 0
7 1408 1920 0
7 1408 1856 0
7 1408 1792 0
7 1408 1728 0
7 1472 2176 0
7 1472 2240 0
7 1472 2304 0
7 1472 2368 0
7 1408 2432 0
7 1408 2368 0
7 1408 2304 0
7 1408 2240 0
7 1408 2048 0
7 1408 1664 0
7 1408 1600 0
7 1408 1536 0
7 1344 2304 0
7 1344 2240 0
7 1344 1280 0
7 1344 1216 0
7 1344 1152 0
7 1408 1152 0
7 1408 1216 0
7 1408 1280 0
7 1408 1344 0
7 1408 1408 0
7 1408 1472 0
7 1472 1408 0
7 1472 1216 0
7 1472 1280 0
7 1472 1344 0
7 1472 1472 0
7 1472 1536 0
7 1472 1600 0
7 1472 1664 0
7 1472 1728 0
7 1472 1792 0
7 1472 1856 0
7 1472 1920 0
7 1472 1984 0
7 1472 2048 0
7 1472 2112 0
7 1408 2112 0
7 1408 2176 0
7 1344 2176 0
7 1344 2112 0
7 1344 2048 0
7 1344 1984 0
7 1344 1920 0
7 1344 1856 0
7 1344 1792 0
7 1344 1728 0
7 1344 1664 0
7 1344 1600 0
7 1344 1536 0
7 1344 1472 0
7 1344 1408 0
7 1344 1344 0
7 1280 1216 0
7 1280 1280 0
7 1280 1344 0
7 1280 1408 0
7 1280 1472 0
7 1280 1536 0
7 1280 1600 0
7 1280 1664 0
7 1280 1728 0
7 1280 1792 0
7 1280 1856 0
7 1280 1920 0
7 1280 1984 0
7 1280 2048 0
7 1280 2112 0
7 1280 2176 0
7 1280 2240 0
7 1280 2368 0
7 1280 2304 0
7 1216 2304 0
7 1152 1792 0
7 1216 1216 0
7 1216 1280 0
7 1216 1344 0
7 1216 2240 0
7 1216 2176 0
7 1216 2112 0
7 1216 2048 0
7 1216 1984 0
7 1216 1920 0
7 1216 1856 0
7 1216 1792 0
7 1216 1728 0
7 1216 1664 0
7 1216 1600 0
7 1216 1536 0
7 1216 1472 0
7 1216 1408 0
7 1152 1216 0
7 1152 1280 0
7 1152 1344 0
7 1152 1408 0
7 1152 1472 0
7 1152 1536 0
7 1152 1600 0
7 1152 1664 0
7 1152 1728 0
7 1152 1856 0
7 1152 1920 0
7 1152 1984 0
7 1152 2048 0
7 1152 2112 0
7 1152 2176 0
7 1152 2240 0
7 1152 2304 0
7 1088 2368 0
7 1088 2304 0
7 1088 2240 0
7 1088 2176 0
7 1088 2112 0
7 1088 2048 0
7 1088 1984 0
7 1088 1920 0
7 1088 1856 0
7 1088 1792 0
7 1088 1728 0
7 1088 1664 0
7 1088 1600 0
7 1088 1536 0
7 1088 1472 0
7 1088 1408 0
7 1088 1344 0
7 1088 1280 0
7 1088 1216 0
7 1024 1280 0
7 1024 1344 0
7 1024 1408 0
7 1024 1472 0
7 1024 1536 0
7 1024 1600 0
7 1024 1664 0
7 1024 1728 0
7 1024 1792 0
7 1024 1856 0
7 1024 1920 0
7 1024 1984 0
7 1024 2048 0
7 1024 2112 0
7 1024 2176 0
7 1024 2240 0
7 1024 2304 0
7 1024 2368 0
7 960 2368 0
7 960 2304 0
7 960 2240 0
7 960 2176 0
7 960 2112 0
7 960 2048 0
7 960 1984 0
7 960 1920 0
7 960 1856 0
7 960 1792 0
7 960 1728 0
7 960 1664 0
7 960 1600 0
7 960 1536 0
7 960 1472 0
7 960 1408 0
7 960 1344 0
7 960 1216 0
7 960 1280 0
7 896 1856 0
7 896 1920 0
7 896 1984 0
7 896 2048 0
7 896 2112 0
7 896 2176 0
7 896 2240 0
7 896 2368 0
7 896 2304 0
7 832 2304 0
7 832 2240 0
7 832 2176 0
7 832 2112 0
7 896 1792 0
7 896 1728 0
7 896 1664 0
7 896 1600 0
7 896 1536 0
7 896 1472 0
7 896 1408 0
7 896 1344 0
7 896 1280 0
7 832 1344 0
7 832 1408 0
7 832 1472 0
7 832 1536 0
7 832 1600 0
7 832 1664 0
7 832 1728 0
7 832 1792 0
7 832 1856 0
7 832 1920 0
7 832 1984 0
7 832 2048 0
7 768 2368 0
7 768 2304 0
7 768 2176 0
7 768 2112 0
7 768 2048 0
7 832 1280 0
7 832 1216 0
7 768 1728 0
7 768 1664 0
7 768 1536 0
7 768 1472 0
7 768 1408 0
7 768 1344 0
7 768 1280 0
7 704 1280 0
7 704 1344 0
7 704 1408 0
7 704 1472 0
7 704 2048 0
7 704 2176 0
7 704 2368 0
7 640 2368 0
7 576 2368 0
7 512 2368 0
7 448 2368 0
7 384 2368 0
7 320 2368 0
7 256 2368 0
7 192 2368 0
7 128 2368 0
7 64 2368 0
7 64 2304 0
7 128 2304 0
7 192 2304 0
7 256 2304 0
7 320 2304 0
7 384 2304 0
7 448 2304 0
7 512 2304 0
7 576 2304 0
7 640 2304 0
7 704 2304 0
7 768 2240 0
7 704 2240 0
7 640 2240 0
7 576 2240 0
7 512 2240 0
7 448 2240 0
7 384 2240 0
7 320 2240 0
7 256 2240 0
7 192 2240 0
7 128 2240 0
7 64 2240 0
7 0 2240 0
7 0 2176 0
7 64 2176 0
7 128 2176 0
7 192 2176 0
7 256 2176 0
7 320 2176 0
7 384 2176 0
7 448 2176 0
7 512 2176 0
7 576 2176 0
7 640 2176 0
7 704 2112 0
7 640 2112 0
7 576 2112 0
7 512 2112 0
7 448 2112 0
7 384 2112 0
7 320 2112 0
7 256 2112 0
7 192 2112 0
7 128 2112 0
7 64 2112 0
7 64 2048 0
7 128 2048 0
7 192 2048 0
7 256 2048 0
7 320 2048 0
7 384 2048 0
7 448 2048 0
7 512 2048 0
7 576 2048 0
7 768 1984 0
7 704 1984 0
7 640 2048 0
7 640 1984 0
7 576 1984 0
7 512 1984 0
7 448 1984 0
7 384 1984 0
7 320 1984 0
7 256 1984 0
7 192 1984 0
7 128 1984 0
7 64 1984 0
7 0 1920 0
7 64 1920 0
7 128 1920 0
7 768 1920 0
7 704 1920 0
7 640 1920 0
7 576 1920 0
7 512 1920 0
7 448 1920 0
7 384 1920 0
7 320 1920 0
7 256 1920 0
7 192 1920 0
7 64 1856 0
7 384 1856 0
7 448 1856 0
7 512 1856 0
7 576 1856 0
7 640 1856 0
7 704 1856 0
7 768 1856 0
7 768 1792 0
7 704 1792 0
7 640 1792 0
7 320 1856 0
7 256 1856 0
7 192 1856 0
7 128 1856 0
7 64 1792 0
7 128 1792 0
7 192 1792 0
7 256 1792 0
7 320 1792 0
7 384 1792 0
7 448 1792 0
7 512 1792 0
7 576 1792 0
7 704 1728 0
7 640 1728 0
7 576 1728 0
7 512 1728 0
7 64 1728 0
7 128 1728 0
7 192 1728 0
7 256 1728 0
7 320 1728 0
7 384 1728 0
7 448 1728 0
7 704 1664 0
7 640 1664 0
7 128 1664 0
7 64 1664 0
7 768 1600 0
7 704 1600 0
7 576 1664 0
7 512 1664 0
7 448 1664 0
7 384 1664 0
7 320 1664 0
7 256 1664 0
7 192 1664 0
7 64 1600 0
7 640 1600 0
7 576 1600 0
7 512 1600 0
7 448 1600 0
7 384 1600 0
7 256 1600 0
7 192 1600 0
7 128 1600 0
7 704 1536 0
7 640 1536 0
7 576 1536 0
7 64 1216 0
7 64 1280 0
7 192 1216 0
7 64 1472 0
7 64 1408 0
7 64 1344 0
7 192 1536 0
7 192 1408 0
7 192 1280 0
7 128 1280 0
7 128 1344 0
7 128 1536 0
7 64 1536 0
7 128 1472 0
7 128 1408 0
7 192 1344 0
7 256 1280 0
7 256 1344 0
7 320 1600 0
7 320 1536 0
7 320 1408 0
7 256 1536 0
7 256 1408 0
7 192 1472 0
7 256 1472 0
7 320 1472 0
7 448 1280 0
7 320 1344 0
7 320 1280 0
7 384 1344 0
7 384 1408 0
7 384 1472 0
7 384 1536 0
7 512 1344 0
7 512 1280 0
7 576 1216 0
7 576 1280 0
7 576 1344 0
7 640 1280 0
7 640 1344 0
7 640 1408 0
7 640 1472 0
7 576 1472 0
7 576 1408 0
7 512 1408 0
7 448 1472 0
7 448 1536 0
7 512 1536 0
7 512 1472 0
7 448 1408 0
7 448 1344 0
7 384 1280 0
7 0 1664 0
7 0 1600 0
7 0 1536 0
7 0 1472 0
7 0 1408 0
7 0 1344 0
7 0 1280 0
7 0 1216 0
7 0 1152 0
7 0 1088 0
7 0 1024 0
7 0 960 0
7 0 896 0
7 0 832 0
7 0 768 0
7 0 704 0
7 0 640 0
7 0 576 0
7 0 512 0
7 0 448 0
7 0 384 0
7 0 320 0
7 0 256 0
7 0 192 0
7 0 128 0
7 0 64 0
7 0 0 0
7 128 0 0
7 192 0 0
7 256 0 0
7 320 0 0
7 384 0 0
7 448 0 0
7 512 0 0
7 576 0 0
7 640 0 0
7 704 0 0
7 768 0 0
7 832 0 0
7 896 0 0
7 960 0 0
7 1024 0 0
7 1088 0 0
7 1152 0 0
7 1216 0 0
7 1280 0 0
7 1344 0 0
7 1408 0 0
7 1472 0 0
7 1536 0 0
7 1600 0 0
7 1664 0 0
7 1728 0 0
7 1792 0 0
7 1856 0 0
7 1920 0 0
7 1984 0 0
7 2048 0 0
7 2112 0 0
7 2176 0 0
7 2240 0 0
7 2304 0 0
7 2368 0 0
7 2432 0 0
7 2496 0 0
7 2560 0 0
7 2624 0 0
7 2688 0 0
7 2752 0 0
7 2816 0 0
7 2880 0 0
7 2944 0 0
7 3008 64 0
7 3072 64 0
7 3136 64 0
7 3072 0 0
7 3136 0 0
7 3200 0 0
7 3264 0 0
7 3328 0 0
7 3392 0 0
7 3456 0 0
7 3520 0 0
7 3584 0 0
7 3648 0 0
7 3712 0 0
0 0 0 1
1 0 64 1
1 0 128 1
1 0 192 1
1 0 256 1
1 0 320 1
1 0 384 1
1 0 512 1
1 0 576 1
1 0 640 1
1 0 704 1
1 0 768 1
1 0 832 1
1 0 896 1
1 0 960 1
1 0 1024 1
1 0 1088 1
1 0 1152 1
1 0 1216 1
2 128 0 1
2 192 0 1
2 256 0 1
2 320 0 1
2 384 0 1
2 448 0 1
2 512 0 1
2 576 0 1
2 640 0 1
2 704 0 1
2 768 0 1
2 832 0 1
2 896 0 1
2 960 0 1
2 1024 0 1
2 1088 0 1
2 1152 0 1
2 1216 0 1
2 1280 0 1
2 1344 0 1
2 1408 0 1
2 1472 0 1
2 1536 0 1
2 1600 0 1
2 1664 0 1
2 1728 0 1
2 1792 0 1
2 1856 0 1
2 1920 0 1
2 1984 0 1
2 2048 0 1
2 2112 0 1
2 2176 0 1
2 2240 0 1
2 2304 0 1
2 2368 0 1
2 2432 0 1
2 2496 0 1
2 2560 0 1
2 2624 0 1
2 2688 0 1
2 2752 0 1
2 2816 0 1
2 2880 0 1
2 2944 0 1
2 3008 0 1
2 3072 0 1
2 3136 0 1
2 3200 0 1
2 3264 0 1
2 3328 0 1
2 3392 0 1
2 3456 0 1
2 3520 0 1
2 3584 0 1
2 3648 0 1
1 0 1280 1
1 0 1344 1
1 0 1408 1
1 0 1472 1
1 0 1536 1
1 0 1600 1
1 0 1664 1
1 0 1728 1
1 0 1792 1
1 0 1856 1
1 0 1920 1
1 0 1984 1
1 0 2048 1
1 0 2112 1
1 0 2176 1
1 0 2240 1
1 0 2304 1
1 0 2368 1
1 0 2432 1
0 0 2496 1
0 3712 2496 1
0 3712 0 1
1 3712 64 1
1 3712 128 1
1 3712 192 1
1 3712 256 1
1 3712 320 1
1 3712 384 1
1 3712 448 1
1 3712 512 1
1 3712 576 1
1 3712 640 1
1 3712 704 1
1 3712 768 1
1 3712 896 1
1 3712 960 1
1 3712 1024 1
1 3712 1088 1
1 3712 1152 1
1 3712 1216 1
1 3712 1280 1
1 3712 1344 1
1 3712 1408 1
1 3712 1472 1
1 3712 1536 1
1 3712 1600 1
1 3712 1664 1
1 3712 1728 1
1 3712 1792 1
1 3712 1856 1
1 3712 1920 1
1 3712 1984 1
1 3712 2048 1
1 3712 2112 1
1 3712 2176 1
1 3712 2240 1
1 3712 2304 1
1 3712 2368 1
1 3712 2432 1
3 64 2496 1
3 128 2496 1
3 192 2496 1
3 256 2496 1
3 320 2496 1
3 384 2496 1
3 448 2496 1
3 512 2496 1
3 576 2496 1
3 640 2496 1
3 704 2496 1
3 768 2496 1
3 832 2496 1
3 896 2496 1
3 960 2496 1
3 1024 2496 1
3 1152 2496 1
3 1216 2496 1
3 1280 2496 1
3 1344 2496 1
3 1408 2496 1
3 1472 2496 1
3 1536 2496 1
3 1600 2496 1
3 1664 2496 1
3 1728 2496 1
3 1792 2496 1
3 1856 2496 1
3 1920 2496 1
3 1984 2496 1
3 2048 2496 1
3 2112 2496 1
3 2176 2496 1
3 2240 2496 1
3 2304 2496 1
3 2368 2496 1
3 2432 2496 1
3 2496 2496 1
3 2560 2496 1
3 2624 2496 1
3 2688 2496 1
3 2752 2496 1
3 2816 2496 1
3 2880 2496 1
3 2944 2496 1
3 3008 2496 1
3 3072 2496 1
3 3136 2496 1
3 3200 2496 1
3 3264 2496 1
3 3328 2496 1
3 3392 2496 1
3 3456 2496 1
3 3520 2496 1
3 3584 2496 1
3 3648 2496 1
1 128 64 1
1 128 128 1
1 128 192 1
1 128 256 1
0 128 320 1
0 128 448 1
3 64 448 1
0 0 448 1
0 192 256 1
0 256 192 1
0 320 128 1
0 384 64 1
3 448 64 1
3 512 64 1
3 576 64 1
3 640 64 1
3 704 64 1
3 768 64 1
3 832 64 1
0 896 64 1
0 192 512 1
0 256 576 1
0 320 640 1
0 384 704 1
3 448 704 1
3 512 704 1
3 576 704 1
3 640 704 1
3 704 704 1
3 768 704 1
3 832 704 1
0 896 704 1
0 512 256 1
0 512 512 1
1 512 320 1
1 512 384 1
1 512 448 1
3 576 512 1
3 640 512 1
0 704 512 1
0 704 256 1
3 576 256 1
3 640 256 1
1 896 640 1
1 896 576 1
1 896 512 1
0 896 448 1
0 896 320 1
1 896 256 1
1 896 192 1
1 896 128 1
3 960 320 1
3 1024 320 1
3 1088 320 1
3 1152 320 1
3 960 448 1
3 1024 448 1
3 1088 448 1
0 1280 320 1
3 1216 320 1
1 1280 384 1
1 1280 448 1
1 1280 512 1
1 1280 576 1
1 1152 512 1
1 1152 576 1
1 1152 640 1
0 1152 448 1
1 1280 640 1
3 1152 896 1
3 1216 896 1
3 1280 896 1
3 1344 896 1
3 1408 896 1
3 960 896 1
3 1024 896 1
3 1088 896 1
3 1088 704 1
3 960 704 1
0 1152 704 1
0 1280 704 1
0 1472 896 1
1 1472 832 1
1 1472 768 1
1 1472 704 1
1 1472 640 1
1 1472 576 1
1 1472 512 1
1 1472 448 1
1 1472 384 1
0 1472 320 1
1 1152 256 1
1 1152 192 1
1 1152 128 1
3 1536 320 1
3 1600 320 1
3 1664 320 1
0 1472 192 1
0 1472 128 1
3 1536 128 1
3 1600 128 1
3 1664 128 1
3 1728 128 1
3 1792 128 1
3 1536 192 1
3 1600 192 1
3 1664 192 1
3 1728 192 1
3 1792 192 1
3 1856 192 1
3 1856 128 1
3 1920 192 1
3 1920 128 1
3 1984 192 1
3 2048 192 1
3 2112 192 1
3 1984 128 1
3 2048 128 1
3 2112 128 1
0 2176 128 1
0 2176 192 1
0 1920 256 1
1 1920 320 1
1 1920 384 1
1 1920 448 1
1 1920 512 1
0 1728 320 1
1 1728 384 1
1 1728 448 1
1 1728 512 1
1 1920 576 1
0 1728 640 1
1 1728 768 1
1 1728 832 1
1 1728 896 1
3 1536 640 1
3 1600 640 1
3 1664 640 1
3 1536 960 1
3 1600 960 1
3 1664 960 1
0 1728 960 1
0 1472 960 1
1 1920 640 1
1 1920 704 1
1 1920 768 1
1 1920 832 1
1 1920 896 1
0 1920 960 1
3 896 896 1
3 832 896 1
3 768 896 1
3 704 896 1
3 640 896 1
3 576 896 1
3 512 896 1
3 448 896 1
0 384 896 1
0 320 960 1
0 256 1024 1
0 192 1088 1
0 128 1152 1
0 128 704 1
0 128 896 1
0 64 896 1
0 64 704 1
1 64 768 1
1 64 832 1
1 1088 1024 1
1 1088 1088 1
1 1088 1152 1
1 1088 1216 1
1 1088 1280 1
1 1088 1344 1
1 1088 1408 1
1 1088 1472 1
1 1088 1536 1
1 1088 1600 1
1 1088 1664 1
1 1088 1728 1
1 1088 1792 1
1 1088 1856 1
1 1088 1920 1
1 1088 1984 1
1 1088 2048 1
1 1088 2112 1
1 1088 2176 1
1 1088 2240 1
1 1088 2304 1
1 1088 2368 1
1 1088 2432 1
0 1088 2496 1
0 128 1216 1
0 128 1280 1
0 128 1344 1
0 128 1408 1
0 128 1472 1
0 128 1600 1
0 128 1664 1
0 128 1728 1
0 128 1792 1
0 128 1856 1
0 128 1920 1
0 128 1984 1
0 128 2048 1
0 128 2112 1
0 128 2176 1
0 128 2240 1
0 128 2304 1
0 128 2368 1
0 256 2368 1
0 256 2304 1
0 256 2240 1
0 320 2368 1
0 384 2368 1
0 448 2368 1
0 512 2368 1
0 576 2368 1
0 640 2368 1
0 704 2368 1
0 768 2368 1
0 832 2368 1
0 896 2368 1
0 960 2368 1
0 1024 2240 1
0 960 2240 1
0 896 2240 1
0 832 2240 1
0 704 2240 1
0 640 2240 1
0 576 2240 1
0 512 2240 1
0 448 2240 1
0 384 2240 1
0 256 2176 1
0 256 2112 1
0 640 2176 1
0 640 2112 1
0 640 2048 1
0 768 2112 1
0 768 2048 1
0 768 1984 1
0 832 2112 1
0 896 2112 1
0 960 2112 1
0 384 2112 1
0 448 2112 1
0 512 2112 1
0 256 2048 1
0 256 1984 1
0 256 1920 1
0 256 1856 1
0 256 1792 1
0 320 1792 1
0 192 1664 1
0 256 1664 1
0 256 1600 1
0 256 1536 1
0 256 1472 1
0 256 1408 1
0 256 1344 1
0 256 1280 1
0 384 1792 1
0 384 1728 1
0 384 1664 1
0 384 1600 1
0 384 1536 1
0 384 1472 1
0 384 1408 1
0 384 1344 1
0 256 1216 1
0 320 1152 1
0 384 1088 1
0 448 1024 1
0 512 1024 1
0 576 1024 1
0 640 1024 1
0 768 1024 1
0 832 1024 1
0 896 1024 1
0 960 1024 1
0 960 960 1
0 384 2048 1
0 384 1984 1
0 384 1920 1
0 448 1920 1
0 512 1984 1
0 512 1920 1
0 640 1984 1
0 640 1920 1
0 640 1856 1
0 768 1920 1
0 768 1856 1
0 640 1728 1
0 704 1728 1
0 768 1728 1
0 832 1728 1
0 896 1728 1
0 896 1792 1
0 896 1856 1
0 896 1920 1
0 896 1984 1
0 960 1984 1
0 960 1920 1
0 960 1856 1
0 960 1792 1
0 960 1728 1
0 384 1280 1
0 448 1216 1
0 512 1152 1
0 640 1088 1
0 640 1152 1
0 640 1216 1
0 768 1088 1
0 768 1152 1
0 768 1216 1
0 768 1280 1
0 640 1280 1
0 640 1344 1
0 640 1408 1
0 704 1408 1
0 768 1408 1
0 832 1408 1
0 896 1408 1
0 960 1408 1
0 960 1344 1
0 960 1280 1
0 960 1216 1
0 960 1152 1
0 832 1280 1
0 832 1216 1
0 832 1152 1
0 960 1088 1
0 576 1280 1
0 512 1344 1
0 512 1408 1
0 512 1472 1
0 512 1536 1
0 512 1600 1
0 448 1728 1
0 512 1728 1
0 576 1728 1
0 576 1600 1
0 640 1600 1
0 704 1600 1
0 768 1600 1
0 832 1600 1
0 960 1664 1
0 960 1600 1
0 960 1536 1
0 832 1472 1
0 768 1472 1
0 704 1472 1
0 640 1472 1
0 1024 1536 1
1 1728 1024 1
1 1728 1152 1
1 1728 1216 1
1 1728 1280 1
1 1728 1344 1
1 1728 1408 1
1 1728 1472 1
1 1728 1536 1
1 1728 1600 1
1 1728 1664 1
1 1728 1728 1
1 1728 1792 1
1 1728 1856 1
1 1728 1920 1
1 1728 2048 1
1 1728 2112 1
1 1728 2176 1
1 1728 2240 1
1 1728 2368 1
0 1152 1152 1
0 1280 1152 1
0 1536 1088 1
0 1536 1344 1
0 1280 1344 1
0 1216 1408 1
0 1280 1408 1
0 1344 1408 1
0 1344 1600 1
0 1216 1600 1
0 1344 1728 1
0 1344 1984 1
0 1216 1728 1
0 1216 1856 1
0 1216 1984 1
0 1472 1792 1
0 1600 1792 1
0 1472 1664 1
0 1600 1664 1
0 1472 1920 1
0 1600 1920 1
0 1536 1536 1
1 1344 1792 1
1 1344 1856 1
1 1344 1920 1
1 1216 1792 1
1 1216 1472 1
1 1216 1536 1
1 1344 1472 1
1 1344 1536 1
3 1536 1792 1
3 1536 1920 1
1 1536 1600 1
0 1536 1664 1
1 1536 1152 1
1 1536 1216 1
1 1536 1280 1
3 1216 1152 1
0 1280 2368 1
0 1216 2304 1
0 1280 2304 1
0 1344 2304 1
0 1344 2240 1
0 1216 2112 1
1 1216 2240 1
1 1216 2176 1
0 1536 2368 1
0 1600 2368 1
0 1600 2304 1
0 1472 2368 1
0 1600 2240 1
0 1600 2176 1
0 1600 2112 1
0 1728 2304 1
3 1792 2304 1
3 1856 2304 1
3 1920 2304 1
3 2112 2304 1
3 2176 2304 1
3 2240 2304 1
3 2496 2304 1
3 2560 2304 1
3 2624 2304 1
3 2752 2304 1
3 2816 2304 1
3 2880 2304 1
3 3136 2304 1
3 3200 2304 1
3 3264 2304 1
3 3392 2304 1
0 3520 2304 1
1 3520 2240 1
1 3520 2176 1
1 3520 2112 1
1 3520 2048 1
0 3520 1984 1
3 3456 1984 1
3 3392 1984 1
3 3264 1984 1
3 3200 1984 1
3 3136 1984 1
3 3072 1984 1
3 2944 1984 1
3 2880 1984 1
3 2816 1984 1
3 2752 1984 1
3 2624 1984 1
3 2560 1984 1
3 2496 1984 1
3 2432 1984 1
3 2304 1984 1
3 1984 1984 1
3 2240 1984 1
3 1792 1984 1
3 1856 1984 1
3 1920 1984 1
1 2048 2048 1
1 2048 2112 1
1 2048 2176 1
1 2048 2240 1
1 2368 2048 1
1 2368 2112 1
1 2368 2176 1
1 2368 2240 1
1 2688 2048 1
1 2688 2112 1
1 2688 2176 1
1 2688 2240 1
1 3008 2048 1
1 3008 2112 1
1 3008 2176 1
1 3008 2240 1
1 3328 2048 1
1 3328 2112 1
1 3328 2176 1
1 3328 2240 1
0 2048 2304 1
0 2048 1984 1
0 1728 1984 1
0 2368 1984 1
0 2368 2304 1
0 2688 2304 1
0 2688 1984 1
0 3008 1984 1
0 3008 2304 1
0 3328 2304 1
0 3328 1984 1
1 2176 1920 1
3 2048 1856 1
3 1984 1856 1
3 1920 1856 1
0 1856 1856 1
1 1856 1792 1
1 1856 1728 1
1 1856 1664 1
1 1856 1600 1
1 1856 1536 1
1 1856 1472 1
1 1856 1408 1
3 1792 1088 1
3 1856 1088 1
3 1920 1088 1
3 2048 1088 1
0 1728 1088 1
1 1856 1344 1
1 1856 1280 1
0 1856 1216 1
0 2176 1856 1
0 2176 1984 1
0 1984 1088 1
1 2112 1792 1
1 2112 1728 1
1 2112 1664 1
1 2112 1600 1
1 2112 1536 1
1 2112 1472 1
1 2112 1408 1
1 2112 1344 1
1 2112 1280 1
1 2112 1216 1
0 2112 1856 1
1 2112 1152 1
0 2112 1088 1
0 1920 1728 1
0 1920 1792 1
0 1984 1792 1
0 2048 1792 1
0 2048 1728 1
3 3648 960 1
3 3584 960 1
3 3520 960 1
0 3456 960 1
0 3456 704 1
1 3456 768 1
1 3456 896 1
3 3520 704 1
3 3584 704 1
3 3648 704 1
14 3712 832 1
0 3520 2368 1
0 3520 2432 1
0 2112 384 1
0 2112 320 1
0 2176 320 1
0 2176 384 1
0 2112 576 1
0 2176 576 1
0 2176 640 1
0 2112 640 1
0 2112 832 1
0 2176 832 1
0 2176 896 1
0 2112 896 1
0 2368 640 1
0 2368 576 1
0 2432 576 1
0 2432 640 1
0 2496 512 1
0 2560 448 1
0 2624 384 1
0 2688 320 1
0 2752 256 1
0 2496 704 1
0 2560 768 1
0 2624 832 1
0 2688 896 1
0 2752 960 1
0 2368 384 1
0 2432 384 1
0 2432 320 1
0 2368 832 1
0 2432 832 1
0 2432 896 1
0 2368 64 1
0 2368 192 1
3 2432 192 1
3 2496 192 1
3 2560 192 1
3 2624 192 1
3 2688 192 1
3 2432 64 1
3 2496 64 1
3 2560 64 1
3 2624 64 1
3 2688 64 1
3 2752 64 1
0 2816 64 1
0 2816 192 1
3 2752 192 1
1 2432 960 1
1 2432 1024 1
1 2432 1088 1
1 2432 1152 1
1 2432 1216 1
1 2432 1280 1
1 2432 1344 1
1 2752 1024 1
1 2752 1088 1
1 2752 1152 1
0 2752 1216 1
0 2752 1344 1
1 2752 1408 1
1 2752 1472 1
1 2752 1536 1
1 2752 1600 1
1 2752 1664 1
1 2432 1408 1
1 2432 1472 1
0 2752 1728 1
0 2752 1856 1
3 2688 1856 1
3 2624 1856 1
3 2560 1856 1
3 2496 1856 1
3 2432 1856 1
3 2368 1856 1
0 2304 1856 1
1 2304 1792 1
1 2304 1728 1
1 2304 1664 1
1 2304 1600 1
1 2304 1536 1
1 2304 1472 1
1 2304 1408 1
1 2304 1344 1
1 2304 1280 1
1 2304 1216 1
0 2304 1152 1
0 2432 1536 1
0 2240 1600 1
0 2240 1536 1
0 2240 1472 1
0 2240 1408 1
3 2816 1856 1
3 2880 1856 1
3 2944 1856 1
3 3008 1856 1
3 3072 1856 1
3 3136 1856 1
0 3200 1856 1
0 3584 1856 1
1 3584 1792 1
1 3584 1728 1
1 3584 1664 1
1 3584 1600 1
1 3584 1536 1
0 3584 2048 1
0 3648 2240 1
0 3584 2368 1
1 3584 1472 1
1 3584 1408 1
1 3584 1344 1
1 3584 1280 1
1 3584 1216 1
1 3584 1152 1
0 3584 1088 1
3 3520 1088 1
3 3456 1088 1
3 3392 1088 1
0 3328 1088 1
1 3328 1024 1
1 3328 960 1
0 3328 896 1
3 3392 896 1
0 3328 768 1
1 3328 704 1
3 3392 768 1
1 3328 640 1
1 3328 576 1
1 3328 512 1
0 3136 1216 1
0 3136 1280 1
0 3136 1344 1
0 3136 1408 1
0 3136 1472 1
0 3136 1536 1
0 3136 1600 1
0 3136 1664 1
0 3136 1728 1
0 2880 1472 1
0 2944 1472 1
0 3008 1472 1
0 3072 1472 1
0 3200 1472 1
0 3264 1472 1
0 3328 1472 1
0 3392 1472 1
0 3456 1472 1
0 3200 1408 1
0 3200 1344 1
0 3200 1280 1
0 3200 1216 1
0 3200 1536 1
0 3200 1600 1
0 3200 1664 1
0 3200 1728 1
0 3264 1536 1
0 3072 1536 1
0 3072 1408 1
0 3264 1408 1
0 3328 1216 1
0 3392 1216 1
0 3456 1216 1
0 3456 1280 1
0 3456 1344 1
0 3456 1600 1
0 3456 1664 1
0 3456 1728 1
0 3392 1728 1
0 3328 1728 1
0 3008 1728 1
0 2944 1728 1
0 2880 1728 1
0 2880 1664 1
0 2880 1600 1
0 2880 1344 1
0 2880 1280 1
0 2880 1216 1
0 2944 1216 1
0 3008 1216 1
0 3456 1856 1
3 3520 1856 1
0 2496 960 1
0 2560 960 1
0 2624 960 1
0 2688 960 1
0 2496 768 1
0 2496 832 1
0 2560 832 1
0 2624 896 1
0 2560 896 1
0 2496 896 1
0 2752 768 1
0 2752 704 1
0 2752 640 1
0 2752 576 1
0 2752 512 1
0 2752 448 1
0 2688 512 1
0 2688 576 1
0 2688 640 1
0 2688 704 1
0 2624 576 1
0 2624 640 1
0 2432 1664 1
0 2432 1728 1
0 2496 1728 1
0 2560 1728 1
0 2624 1728 1
0 2496 1664 1
0 2560 1664 1
0 2624 1664 1
0 2624 1600 1
0 2624 1536 1
0 2624 1472 1
0 2624 1408 1
0 2624 1344 1
0 2624 1280 1
0 2624 1216 1
0 2624 1152 1
0 2624 1088 1
0 2560 1088 1
0 2560 1152 1
0 2560 1216 1
0 2560 1280 1
0 2560 1344 1
0 2560 1408 1
0 2560 1472 1
0 2560 1536 1
0 2560 1600 1
0 3392 704 1
0 3456 576 1
0 3520 576 1
0 3584 576 1
0 3456 448 1
0 3584 448 1
0 3456 320 1
0 3520 320 1
0 3584 320 1
0 3456 192 1
0 3584 192 1
0 3648 64 1
0 3584 64 1
0 3520 64 1
0 3456 64 1
0 3392 64 1
0 3328 64 1
0 3264 64 1
0 3200 64 1
0 3136 64 1
0 3072 64 1
0 3008 64 1
0 2944 64 1
0 2880 64 1
1 3328 448 1
1 3328 384 1
1 3328 320 1
1 3328 256 1
0 3328 192 1
0 3200 384 1
1 3200 448 1
1 3200 512 1
1 3200 576 1
1 3200 640 1
1 3200 704 1
1 3200 768 1
1 3200 832 1
1 3200 896 1
1 3200 960 1
1 3200 1024 1
0 3200 1088 1
3 3136 384 1
3 3072 384 1
3 3008 384 1
3 2944 384 1
3 3136 1088 1
3 3072 1088 1
3 3008 1088 1
3 2944 1088 1
0 2880 1088 1
0 2880 384 1
0 3072 576 1
0 3072 896 1
3 3008 576 1
3 2944 576 1
3 3008 896 1
3 2944 896 1
0 2880 896 1
0 2880 576 1
1 2880 640 1
1 2880 704 1
1 2880 768 1
1 2880 832 1
1 3072 640 1
1 3072 832 1
1 3072 704 1
0 3008 512 1
0 3008 960 1
0 3136 448 1
0 3136 1024 1
0 2880 1024 1
0 2880 448 1
3 3264 1088 1
0 2176 64 1
5 64 64 1
4 64 1152 1
20 832 128 1
4 1024 704 1
20 1984 1728 1
4 1152 64 1
20 1088 512 1
4 1088 960 1
20 832 1088 1
4 1728 2432 1
20 1280 2240 1
4 1984 2304 1
20 2624 2048 1
4 2432 2304 1
20 2304 2048 1
4 2304 2304 1
20 3264 2048 1
4 3072 2304 1
20 2752 2048 1
4 2944 2304 1
20 3456 2432 1
4 2112 1984 1
20 1792 2048 1
4 3456 2304 1
20 2624 2240 1
4 1728 704 1
20 960 256 1
4 1728 576 1
20 1664 896 1
4 1920 1024 1
20 1664 384 1
4 3328 128 1
20 2240 1664 1
4 3072 768 1
20 3648 640 1
4 3264 384 1
20 3584 2432 1
4 3648 2048 1
20 3008 640 1
4 3648 1856 1
20 3264 1344 1
4 2816 128 1
20 3392 960 1
2 64 0 1
