6 768 192 448 192 448 576 768 576 
6 64 640 64 960 64 640 64 960 
6 1408 832 640 832 1408 832 640 832 
6 1856 256 2112 64 1856 256 2112 64 
6 1792 320 1792 1024 1792 320 1792 1024 
6 1664 1472 1408 1472 1408 1024 1664 1024 
6 1152 1216 1152 2432 1152 1216 1152 2432 
6 1408 1856 1664 1856 1408 1856 1664 1856 
6 1536 2304 1152 1664 1600 1600 1280 2176 
6 1792 2368 3456 2368 1792 2368 3456 2368 
6 1920 1664 1920 1152 1920 1664 1920 1152 
6 2240 64 2240 1088 2240 64 2240 1088 
6 1984 704 2432 704 2432 768 1984 768 
6 2816 512 3136 512 3136 960 2816 960 
6 2816 1152 3520 1152 3520 1792 2816 1792 
6 3008 1408 3328 1408 3264 1600 3072 1600 
6 3392 512 3648 512 3648 128 3392 128 
